# oST version 5.0 parameters


[image]

width
1280

height
720

[narrow_stereo/left]

camera matrix
459.424500 0.000000 650.580864
0.000000 458.992070 374.355038
0.000000 0.000000 1.000000

distortion
-0.023860 -0.006321 -0.000384 0.000169 0.000000

rectification
1.000000 0.000000 0.000000
0.000000 1.000000 0.000000
0.000000 0.000000 1.000000

projection
417.177460 0.000000 654.841023 0.000000
0.000000 450.170197 374.103843 0.000000
0.000000 0.000000 1.000000 0.000000

