# oST version 5.0 parameters


[image]

width
1280

height
720

[left_camera]

camera matrix
461.929607 0.000000 658.756626
0.000000 462.115614 369.200797
0.000000 0.000000 1.000000

distortion
-0.011365 -0.012894 -0.001373 0.001458 0.000000

rectification
0.607026 0.269419 -0.747618
-0.262645 0.955926 0.131233
0.750024 0.116697 0.651034

projection
3651145.532343 0.000000 122.725894 0.000000
0.000000 3651145.532343 598.576164 0.000000
0.000000 0.000000 1.000000 0.000000


