image_width: 1280
image_height: 720
camera_name: left_camera
camera_matrix:
  rows: 3
  cols: 3
  data: [461.929607, 0, 658.756626, 0, 462.115614, 369.200797, 0, 0, 1]
distortion_model: plumb_bob
distortion_coefficients:
  rows: 1
  cols: 5
  data: [-0.011365, -0.012894, -0.001373, 0.001458, 0]
rectification_matrix:
  rows: 3
  cols: 3
  data: [0.607026, 0.269419, -0.747618, -0.262645, 0.955926, 0.131233, 0.750024, 0.116697, 0.651034]
projection_matrix:
  rows: 3
  cols: 4
  data: [3651145.532343, 0, 122.725894, 0, 0, 3651145.532343, 598.576164, 0, 0, 0, 1, 0]