# oST version 5.0 parameters


[image]

width
640

height
480

[narrow_stereo/left]

camera matrix
655.094315 0.000000 337.099421
0.000000 655.799168 253.853708
0.000000 0.000000 1.000000

distortion
-0.009803 -0.121760 -0.001923 -0.001807 0.000000

rectification
0.993984 0.042760 0.100829
-0.042768 0.999083 -0.002087
-0.100825 -0.002238 0.994902

projection
726.563255 0.000000 244.644331 0.000000
0.000000 726.563255 250.819868 0.000000
0.000000 0.000000 1.000000 0.000000

