# oST version 5.0 parameters


[image]

width
1280

height
720

[right_camera]

camera matrix
464.537015 0.000000 626.304509
0.000000 465.017569 350.709082
0.000000 0.000000 1.000000

distortion
-0.004103 -0.015413 -0.000358 -0.000434 0.000000

rectification
0.627538 0.240671 -0.740455
-0.247316 0.963388 0.103530
0.738262 0.118158 0.664084

projection
3651145.532343 0.000000 122.725894 -443472.487420
0.000000 3651145.532343 598.576164 0.000000
0.000000 0.000000 1.000000 0.000000

