# oST version 5.0 parameters


[image]

width
1280

height
720

[narrow_stereo/left]

camera matrix
466.409238 0.000000 637.800278
0.000000 466.560765 367.685949
0.000000 0.000000 1.000000

distortion
-0.013084 -0.010317 0.000446 -0.000135 0.000000

rectification
1.000000 0.000000 0.000000
0.000000 1.000000 0.000000
0.000000 0.000000 1.000000

projection
428.668579 0.000000 635.847463 0.000000
0.000000 460.369049 367.818994 0.000000
0.000000 0.000000 1.000000 0.000000

